[/home/steff/projects/project-q/docs/bgnet_a4_c_1.pdf]
page=29
offset=0
zoom=1.6105100000000008
rotate=0
pages-per-row=1
first-page-column=1:2
page-right-to-left=false
position-x=0.5
position-y=0.23800654230698723
time=1610204771
jumplist=

[YpRgjCSiJFx0mlIwS5YMWupWIzE2/kF8h2G993VwrtI=]
page=29
offset=0
zoom=1.6105100000000008
rotate=0
pages-per-row=1
first-page-column=1:2
page-right-to-left=false
position-x=0.5
position-y=0.23800654230698723
time=1610204771
